Year DOY  Time   BergerCorrection(µGal)
2023 124 00:00:00 -29.201
2023 124 00:02:00 -27.407
2023 124 00:04:00 -25.600
2023 124 00:06:00 -23.772
2023 124 00:08:00 -21.926
2023 124 00:10:00 -20.068
2023 124 00:12:00 -18.186
2023 124 00:14:00 -16.295
2023 124 00:16:00 -14.390
2023 124 00:18:00 -12.463
2023 124 00:20:00 -10.528
2023 124 00:22:00  -8.582
2023 124 00:24:00  -6.615
2023 124 00:26:00  -4.641
2023 124 00:28:00  -2.658
2023 124 00:30:00  -0.655
2023 124 00:32:00   1.355
2023 124 00:34:00   3.367
2023 124 00:36:00   5.400
2023 124 00:38:00   7.438
2023 124 00:40:00   9.477
2023 124 00:42:00  11.524
2023 124 00:44:00  13.596
2023 124 00:46:00  15.656
2023 124 00:48:00  17.725
2023 124 00:50:00  19.812
2023 124 00:52:00  21.888
2023 124 00:54:00  23.971
2023 124 00:56:00  26.073
2023 124 00:58:00  28.161
2023 124 01:00:00  30.249
2023 124 01:02:00  32.360
2023 124 01:04:00  34.452
2023 124 01:06:00  36.544
2023 124 01:08:00  38.656
2023 124 01:10:00  40.751
2023 124 01:12:00  42.839
2023 124 01:14:00  44.948
2023 124 01:16:00  47.036
2023 124 01:18:00  49.120
2023 124 01:20:00  51.217
2023 124 01:22:00  53.295
2023 124 01:24:00  55.368
2023 124 01:26:00  57.449
2023 124 01:28:00  59.511
2023 124 01:30:00  61.565
2023 124 01:32:00  63.624
2023 124 01:34:00  65.667
2023 124 01:36:00  67.699
2023 124 01:38:00  69.737
2023 124 01:40:00  71.750
2023 124 01:42:00  73.752
2023 124 01:44:00  75.761
2023 124 01:46:00  77.741
2023 124 01:48:00  79.711
2023 124 01:50:00  81.684
2023 124 01:52:00  83.630
2023 124 01:54:00  85.558
2023 124 01:56:00  87.474
2023 124 01:58:00  89.395
2023 124 02:00:00  91.282
2023 124 02:02:00  93.151
2023 124 02:04:00  95.026
2023 124 02:06:00  96.864
2023 124 02:08:00  98.682
2023 124 02:10:00 100.505
2023 124 02:12:00 102.290
2023 124 02:14:00 104.057
2023 124 02:16:00 105.821
2023 124 02:18:00 107.548
2023 124 02:20:00 109.255
2023 124 02:22:00 110.958
2023 124 02:24:00 112.624
2023 124 02:26:00 114.267
2023 124 02:28:00 115.909
2023 124 02:30:00 117.504
2023 124 02:32:00 119.080
2023 124 02:34:00 120.652
2023 124 02:36:00 122.177
2023 124 02:38:00 123.681
2023 124 02:40:00 125.179
2023 124 02:42:00 126.633
2023 124 02:44:00 128.057
2023 124 02:46:00 129.479
2023 124 02:48:00 130.854
2023 124 02:50:00 132.202
2023 124 02:52:00 133.539
2023 124 02:54:00 134.833
2023 124 02:56:00 136.098
2023 124 02:58:00 137.351
2023 124 03:00:00 138.560
2023 124 03:02:00 139.739
2023 124 03:04:00 140.907
2023 124 03:06:00 142.024
2023 124 03:08:00 143.114
2023 124 03:10:00 144.172
2023 124 03:12:00 145.217
2023 124 03:14:00 146.215
2023 124 03:16:00 147.180
2023 124 03:18:00 148.134
2023 124 03:20:00 149.034
2023 124 03:22:00 149.903
2023 124 03:24:00 150.761
2023 124 03:26:00 151.563
2023 124 03:28:00 152.334
2023 124 03:30:00 153.092
2023 124 03:32:00 153.800
2023 124 03:34:00 154.467
2023 124 03:36:00 155.125
2023 124 03:38:00 155.731
2023 124 03:40:00 156.297
2023 124 03:42:00 156.851
2023 124 03:44:00 157.356
2023 124 03:46:00 157.823
2023 124 03:48:00 158.268
2023 124 03:50:00 158.666
2023 124 03:52:00 159.031
2023 124 03:54:00 159.374
2023 124 03:56:00 159.663
2023 124 03:58:00 159.923
2023 124 04:00:00 160.159
2023 124 04:02:00 160.343
2023 124 04:04:00 160.496
2023 124 04:06:00 160.626
2023 124 04:08:00 160.706
2023 124 04:10:00 160.747
2023 124 04:12:00 160.771
2023 124 04:14:00 160.744
2023 124 04:16:00 160.678
2023 124 04:18:00 160.594
2023 124 04:20:00 160.461
2023 124 04:22:00 160.292
2023 124 04:24:00 160.081
2023 124 04:26:00 159.857
2023 124 04:28:00 159.581
2023 124 04:30:00 159.261
2023 124 04:32:00 158.933
2023 124 04:34:00 158.551
2023 124 04:36:00 158.129
2023 124 04:38:00 157.692
2023 124 04:40:00 157.205
2023 124 04:42:00 156.677
2023 124 04:44:00 156.136
2023 124 04:46:00 155.545
2023 124 04:48:00 154.913
2023 124 04:50:00 154.272
2023 124 04:52:00 153.575
2023 124 04:54:00 152.841
2023 124 04:56:00 152.094
2023 124 04:58:00 151.304
2023 124 05:00:00 150.467
2023 124 05:02:00 149.619
2023 124 05:04:00 148.730
2023 124 05:06:00 147.795
2023 124 05:08:00 146.849
2023 124 05:10:00 145.863
2023 124 05:12:00 144.834
2023 124 05:14:00 143.790
2023 124 05:16:00 142.706
2023 124 05:18:00 141.587
2023 124 05:20:00 140.451
2023 124 05:22:00 139.275
2023 124 05:24:00 138.066
2023 124 05:26:00 136.841
2023 124 05:28:00 135.574
2023 124 05:30:00 134.277
2023 124 05:32:00 132.965
2023 124 05:34:00 131.613
2023 124 05:36:00 130.228
2023 124 05:38:00 128.827
2023 124 05:40:00 127.403
2023 124 05:42:00 125.935
2023 124 05:44:00 124.454
2023 124 05:46:00 122.952
2023 124 05:48:00 121.407
2023 124 05:50:00 119.849
2023 124 05:52:00 118.271
2023 124 05:54:00 116.653
2023 124 05:56:00 115.023
2023 124 05:58:00 113.373
2023 124 06:00:00 111.694
2023 124 06:02:00 109.985
2023 124 06:04:00 108.271
2023 124 06:06:00 106.526
2023 124 06:08:00 104.753
2023 124 06:10:00 102.976
2023 124 06:12:00 101.171
2023 124 06:14:00  99.338
2023 124 06:16:00  97.504
2023 124 06:18:00  95.642
2023 124 06:20:00  93.755
2023 124 06:22:00  91.863
2023 124 06:24:00  89.953
2023 124 06:26:00  88.016
2023 124 06:28:00  86.075
2023 124 06:30:00  84.120
2023 124 06:32:00  82.136
2023 124 06:34:00  80.151
2023 124 06:36:00  78.154
2023 124 06:38:00  76.132
2023 124 06:40:00  74.108
2023 124 06:42:00  72.070
2023 124 06:44:00  70.017
2023 124 06:46:00  67.959
2023 124 06:48:00  65.890
2023 124 06:50:00  63.807
2023 124 06:52:00  61.721
2023 124 06:54:00  59.626
2023 124 06:56:00  57.519
2023 124 06:58:00  55.410
2023 124 07:00:00  53.293
2023 124 07:02:00  51.164
2023 124 07:04:00  49.042
2023 124 07:06:00  46.910
2023 124 07:08:00  44.767
2023 124 07:10:00  42.633
2023 124 07:12:00  40.490
2023 124 07:14:00  38.340
2023 124 07:16:00  36.200
2023 124 07:18:00  34.052
2023 124 07:20:00  31.899
2023 124 07:22:00  29.759
2023 124 07:24:00  27.612
2023 124 07:26:00  25.463
2023 124 07:28:00  23.324
2023 124 07:30:00  21.187
2023 124 07:32:00  19.046
2023 124 07:34:00  16.917
2023 124 07:36:00  14.792
2023 124 07:38:00  12.666
2023 124 07:40:00  10.553
2023 124 07:42:00   8.446
2023 124 07:44:00   6.340
2023 124 07:46:00   4.248
2023 124 07:48:00   2.160
2023 124 07:50:00   0.083
2023 124 07:52:00  -1.981
2023 124 07:54:00  -4.042
2023 124 07:56:00  -6.089
2023 124 07:58:00  -8.120
2023 124 08:00:00 -10.146
2023 124 08:02:00 -12.158
2023 124 08:04:00 -14.151
2023 124 08:06:00 -16.131
2023 124 08:08:00 -18.111
2023 124 08:10:00 -20.060
2023 124 08:12:00 -21.994
2023 124 08:14:00 -23.921
2023 124 08:16:00 -25.829
2023 124 08:18:00 -27.713
2023 124 08:20:00 -29.590
2023 124 08:22:00 -31.443
2023 124 08:24:00 -33.275
2023 124 08:26:00 -35.094
2023 124 08:28:00 -36.889
2023 124 08:30:00 -38.661
2023 124 08:32:00 -40.419
2023 124 08:34:00 -42.154
2023 124 08:36:00 -43.859
2023 124 08:38:00 -45.554
2023 124 08:40:00 -47.219
2023 124 08:42:00 -48.856
2023 124 08:44:00 -50.480
2023 124 08:46:00 -52.075
2023 124 08:48:00 -53.638
2023 124 08:50:00 -55.188
2023 124 08:52:00 -56.707
2023 124 08:54:00 -58.193
2023 124 08:56:00 -59.663
2023 124 08:58:00 -61.102
2023 124 09:00:00 -62.509
2023 124 09:02:00 -63.895
2023 124 09:04:00 -65.249
2023 124 09:06:00 -66.571
2023 124 09:08:00 -67.872
2023 124 09:10:00 -69.138
2023 124 09:12:00 -70.371
2023 124 09:14:00 -71.585
2023 124 09:16:00 -72.757
2023 124 09:18:00 -73.899
2023 124 09:20:00 -75.009
2023 124 09:22:00 -76.097
2023 124 09:24:00 -77.144
2023 124 09:26:00 -78.157
2023 124 09:28:00 -79.151
2023 124 09:30:00 -80.097
2023 124 09:32:00 -81.012
2023 124 09:34:00 -81.906
2023 124 09:36:00 -82.751
2023 124 09:38:00 -83.566
2023 124 09:40:00 -84.356
2023 124 09:42:00 -85.101
2023 124 09:44:00 -85.809
2023 124 09:46:00 -86.496
2023 124 09:48:00 -87.136
2023 124 09:50:00 -87.740
2023 124 09:52:00 -88.318
2023 124 09:54:00 -88.852
2023 124 09:56:00 -89.349
2023 124 09:58:00 -89.818
2023 124 10:00:00 -90.243
2023 124 10:02:00 -90.632
2023 124 10:04:00 -90.993
2023 124 10:06:00 -91.306
2023 124 10:08:00 -91.586
2023 124 10:10:00 -91.836
2023 124 10:12:00 -92.039
2023 124 10:14:00 -92.208
2023 124 10:16:00 -92.347
2023 124 10:18:00 -92.440
2023 124 10:20:00 -92.494
2023 124 10:22:00 -92.522
2023 124 10:24:00 -92.504
2023 124 10:26:00 -92.447
2023 124 10:28:00 -92.364
2023 124 10:30:00 -92.233
2023 124 10:32:00 -92.066
2023 124 10:34:00 -91.862
2023 124 10:36:00 -91.627
2023 124 10:38:00 -91.348
2023 124 10:40:00 -91.031
2023 124 10:42:00 -90.687
2023 124 10:44:00 -90.297
2023 124 10:46:00 -89.871
2023 124 10:48:00 -89.415
2023 124 10:50:00 -88.916
2023 124 10:52:00 -88.380
2023 124 10:54:00 -87.815
2023 124 10:56:00 -87.206
2023 124 10:58:00 -86.562
2023 124 11:00:00 -85.889
2023 124 11:02:00 -85.173
2023 124 11:04:00 -84.423
2023 124 11:06:00 -83.641
2023 124 11:08:00 -82.823
2023 124 11:10:00 -81.967
2023 124 11:12:00 -81.080
2023 124 11:14:00 -80.159
2023 124 11:16:00 -79.201
2023 124 11:18:00 -78.211
2023 124 11:20:00 -77.190
2023 124 11:22:00 -76.132
2023 124 11:24:00 -75.042
2023 124 11:26:00 -73.919
2023 124 11:28:00 -72.767
2023 124 11:30:00 -71.580
2023 124 11:32:00 -70.361
2023 124 11:34:00 -69.116
2023 124 11:36:00 -67.834
2023 124 11:38:00 -66.523
2023 124 11:40:00 -65.186
2023 124 11:42:00 -63.814
2023 124 11:44:00 -62.415
2023 124 11:46:00 -60.986
2023 124 11:48:00 -59.530
2023 124 11:50:00 -58.046
2023 124 11:52:00 -56.534
2023 124 11:54:00 -54.994
2023 124 11:56:00 -53.428
2023 124 11:58:00 -51.836
2023 124 12:00:00 -50.218
2023 124 12:02:00 -48.575
2023 124 12:04:00 -46.907
2023 124 12:06:00 -45.211
2023 124 12:08:00 -43.497
2023 124 12:10:00 -41.758
2023 124 12:12:00 -39.992
2023 124 12:14:00 -38.209
2023 124 12:16:00 -36.403
2023 124 12:18:00 -34.572
2023 124 12:20:00 -32.725
2023 124 12:22:00 -30.857
2023 124 12:24:00 -28.965
2023 124 12:26:00 -27.059
2023 124 12:28:00 -25.134
2023 124 12:30:00 -23.186
2023 124 12:32:00 -21.222
2023 124 12:34:00 -19.249
2023 124 12:36:00 -17.252
2023 124 12:38:00 -15.238
2023 124 12:40:00 -13.217
2023 124 12:42:00 -11.180
2023 124 12:44:00  -9.118
2023 124 12:46:00  -7.057
2023 124 12:48:00  -4.979
2023 124 12:50:00  -2.880
2023 124 12:52:00  -0.778
2023 124 12:54:00   1.330
2023 124 12:56:00   3.461
2023 124 12:58:00   5.593
2023 124 13:00:00   7.729
2023 124 13:02:00   9.880
2023 124 13:04:00  12.043
2023 124 13:06:00  14.202
2023 124 13:08:00  16.374
2023 124 13:10:00  18.556
2023 124 13:12:00  20.736
2023 124 13:14:00  22.919
2023 124 13:16:00  25.115
2023 124 13:18:00  27.304
2023 124 13:20:00  29.496
2023 124 13:22:00  31.701
2023 124 13:24:00  33.894
2023 124 13:26:00  36.089
2023 124 13:28:00  38.295
2023 124 13:30:00  40.489
2023 124 13:32:00  42.679
2023 124 13:34:00  44.881
2023 124 13:36:00  47.069
2023 124 13:38:00  49.253
2023 124 13:40:00  51.441
2023 124 13:42:00  53.616
2023 124 13:44:00  55.787
2023 124 13:46:00  57.957
2023 124 13:48:00  60.113
2023 124 13:50:00  62.263
2023 124 13:52:00  64.414
2023 124 13:54:00  66.543
2023 124 13:56:00  68.667
2023 124 13:58:00  70.793
2023 124 14:00:00  72.889
2023 124 14:02:00  74.979
2023 124 14:04:00  77.072
2023 124 14:06:00  79.134
2023 124 14:08:00  81.185
2023 124 14:10:00  83.238
2023 124 14:12:00  85.258
2023 124 14:14:00  87.265
2023 124 14:16:00  89.258
2023 124 14:18:00  91.250
2023 124 14:20:00  93.207
2023 124 14:22:00  95.147
2023 124 14:24:00  97.087
2023 124 14:26:00  98.990
2023 124 14:28:00 100.873
2023 124 14:30:00 102.757
2023 124 14:32:00 104.599
2023 124 14:34:00 106.425
2023 124 14:36:00 108.242
2023 124 14:38:00 110.023
2023 124 14:40:00 111.779
2023 124 14:42:00 113.530
2023 124 14:44:00 115.241
2023 124 14:46:00 116.926
2023 124 14:48:00 118.609
2023 124 14:50:00 120.242
2023 124 14:52:00 121.852
2023 124 14:54:00 123.457
2023 124 14:56:00 125.017
2023 124 14:58:00 126.542
2023 124 15:00:00 128.067
2023 124 15:02:00 129.544
2023 124 15:04:00 130.986
2023 124 15:06:00 132.423
2023 124 15:08:00 133.813
2023 124 15:10:00 135.171
2023 124 15:12:00 136.516
2023 124 15:14:00 137.816
2023 124 15:16:00 139.081
2023 124 15:18:00 140.333
2023 124 15:20:00 141.538
2023 124 15:22:00 142.708
2023 124 15:24:00 143.869
2023 124 15:26:00 144.973
2023 124 15:28:00 146.043
2023 124 15:30:00 147.085
2023 124 15:32:00 148.108
2023 124 15:34:00 149.077
2023 124 15:36:00 150.016
2023 124 15:38:00 150.940
2023 124 15:40:00 151.801
2023 124 15:42:00 152.635
2023 124 15:44:00 153.454
2023 124 15:46:00 154.211
2023 124 15:48:00 154.935
2023 124 15:50:00 155.645
2023 124 15:52:00 156.294
2023 124 15:54:00 156.908
2023 124 15:56:00 157.509
2023 124 15:58:00 158.047
2023 124 16:00:00 158.554
2023 124 16:02:00 159.039
2023 124 16:04:00 159.465
2023 124 16:06:00 159.860
2023 124 16:08:00 160.232
2023 124 16:10:00 160.545
2023 124 16:12:00 160.827
2023 124 16:14:00 161.089
2023 124 16:16:00 161.283
2023 124 16:18:00 161.452
2023 124 16:20:00 161.599
2023 124 16:22:00 161.679
2023 124 16:24:00 161.732
2023 124 16:26:00 161.766
2023 124 16:28:00 161.733
2023 124 16:30:00 161.668
2023 124 16:32:00 161.587
2023 124 16:34:00 161.440
2023 124 16:36:00 161.259
2023 124 16:38:00 161.064
2023 124 16:40:00 160.802
2023 124 16:42:00 160.511
2023 124 16:44:00 160.180
2023 124 16:46:00 159.822
2023 124 16:48:00 159.418
2023 124 16:50:00 158.975
2023 124 16:52:00 158.503
2023 124 16:54:00 157.986
2023 124 16:56:00 157.432
2023 124 16:58:00 156.847
2023 124 17:00:00 156.220
2023 124 17:02:00 155.555
2023 124 17:04:00 154.863
2023 124 17:06:00 154.123
2023 124 17:08:00 153.350
2023 124 17:10:00 152.558
2023 124 17:12:00 151.702
2023 124 17:14:00 150.823
2023 124 17:16:00 149.924
2023 124 17:18:00 148.968
2023 124 17:20:00 147.981
2023 124 17:22:00 146.979
2023 124 17:24:00 145.920
2023 124 17:26:00 144.832
2023 124 17:28:00 143.728
2023 124 17:30:00 142.569
2023 124 17:32:00 141.386
2023 124 17:34:00 140.181
2023 124 17:36:00 138.924
2023 124 17:38:00 137.648
2023 124 17:40:00 136.348
2023 124 17:42:00 134.997
2023 124 17:44:00 133.630
2023 124 17:46:00 132.242
2023 124 17:48:00 130.799
2023 124 17:50:00 129.344
2023 124 17:52:00 127.869
2023 124 17:54:00 126.342
2023 124 17:56:00 124.797
2023 124 17:58:00 123.231
2023 124 18:00:00 121.634
2023 124 18:02:00 120.009
2023 124 18:04:00 118.364
2023 124 18:06:00 116.690
2023 124 18:08:00 114.991
2023 124 18:10:00 113.270
2023 124 18:12:00 111.522
2023 124 18:14:00 109.753
2023 124 18:16:00 107.959
2023 124 18:18:00 106.146
2023 124 18:20:00 104.310
2023 124 18:22:00 102.454
2023 124 18:24:00 100.576
2023 124 18:26:00  98.679
2023 124 18:28:00  96.763
2023 124 18:30:00  94.826
2023 124 18:32:00  92.873
2023 124 18:34:00  90.902
2023 124 18:36:00  88.914
2023 124 18:38:00  86.908
2023 124 18:40:00  84.888
2023 124 18:42:00  82.848
2023 124 18:44:00  80.803
2023 124 18:46:00  78.738
2023 124 18:48:00  76.655
2023 124 18:50:00  74.569
2023 124 18:52:00  72.466
2023 124 18:54:00  70.346
2023 124 18:56:00  68.226
2023 124 18:58:00  66.092
2023 124 19:00:00  63.940
2023 124 19:02:00  61.787
2023 124 19:04:00  59.630
2023 124 19:06:00  57.450
2023 124 19:08:00  55.277
2023 124 19:10:00  53.099
2023 124 19:12:00  50.901
2023 124 19:14:00  48.709
2023 124 19:16:00  46.516
2023 124 19:18:00  44.305
2023 124 19:20:00  42.102
2023 124 19:22:00  39.895
2023 124 19:24:00  37.681
2023 124 19:26:00  35.472
2023 124 19:28:00  33.261
2023 124 19:30:00  31.056
2023 124 19:32:00  28.837
2023 124 19:34:00  26.629
2023 124 19:36:00  24.427
2023 124 19:38:00  22.215
2023 124 19:40:00  20.015
2023 124 19:42:00  17.820
2023 124 19:44:00  15.623
2023 124 19:46:00  13.438
2023 124 19:48:00  11.259
2023 124 19:50:00   9.079
2023 124 19:52:00   6.914
2023 124 19:54:00   4.758
2023 124 19:56:00   2.602
2023 124 19:58:00   0.462
2023 124 20:00:00  -1.667
2023 124 20:02:00  -3.794
2023 124 20:04:00  -5.902
2023 124 20:06:00  -7.998
2023 124 20:08:00 -10.094
2023 124 20:10:00 -12.160
2023 124 20:12:00 -14.218
2023 124 20:14:00 -16.273
2023 124 20:16:00 -18.298
2023 124 20:18:00 -20.310
2023 124 20:20:00 -22.315
2023 124 20:22:00 -24.298
2023 124 20:24:00 -26.260
2023 124 20:26:00 -28.213
2023 124 20:28:00 -30.147
2023 124 20:30:00 -32.052
2023 124 20:32:00 -33.947
2023 124 20:34:00 -35.823
2023 124 20:36:00 -37.669
2023 124 20:38:00 -39.502
2023 124 20:40:00 -41.316
2023 124 20:42:00 -43.097
2023 124 20:44:00 -44.865
2023 124 20:46:00 -46.610
2023 124 20:48:00 -48.325
2023 124 20:50:00 -50.019
2023 124 20:52:00 -51.693
2023 124 20:54:00 -53.333
2023 124 20:56:00 -54.952
2023 124 20:58:00 -56.550
2023 124 21:00:00 -58.112
2023 124 21:02:00 -59.651
2023 124 21:04:00 -61.168
2023 124 21:06:00 -62.650
2023 124 21:08:00 -64.106
2023 124 21:10:00 -65.537
2023 124 21:12:00 -66.932
2023 124 21:14:00 -68.301
2023 124 21:16:00 -69.645
2023 124 21:18:00 -70.950
2023 124 21:20:00 -72.229
2023 124 21:22:00 -73.480
2023 124 21:24:00 -74.693
2023 124 21:26:00 -75.877
2023 124 21:28:00 -77.033
2023 124 21:30:00 -78.150
2023 124 21:32:00 -79.237
2023 124 21:34:00 -80.288
2023 124 21:36:00 -81.314
2023 124 21:38:00 -82.301
2023 124 21:40:00 -83.251
2023 124 21:42:00 -84.177
2023 124 21:44:00 -85.058
2023 124 21:46:00 -85.907
2023 124 21:48:00 -86.730
2023 124 21:50:00 -87.506
2023 124 21:52:00 -88.250
2023 124 21:54:00 -88.967
2023 124 21:56:00 -89.638
2023 124 21:58:00 -90.273
2023 124 22:00:00 -90.883
2023 124 22:02:00 -91.446
2023 124 22:04:00 -91.972
2023 124 22:06:00 -92.473
2023 124 22:08:00 -92.926
2023 124 22:10:00 -93.344
2023 124 22:12:00 -93.732
2023 124 22:14:00 -94.075
2023 124 22:16:00 -94.382
2023 124 22:18:00 -94.659
2023 124 22:20:00 -94.891
2023 124 22:22:00 -95.085
2023 124 22:24:00 -95.253
2023 124 22:26:00 -95.370
2023 124 22:28:00 -95.453
2023 124 22:30:00 -95.508
2023 124 22:32:00 -95.514
2023 124 22:34:00 -95.484
2023 124 22:36:00 -95.426
2023 124 22:38:00 -95.322
2023 124 22:40:00 -95.177
2023 124 22:42:00 -95.009
2023 124 22:44:00 -94.792
2023 124 22:46:00 -94.538
2023 124 22:48:00 -94.247
2023 124 22:50:00 -93.929
2023 124 22:52:00 -93.563
2023 124 22:54:00 -93.162
2023 124 22:56:00 -92.733
2023 124 22:58:00 -92.258
2023 124 23:00:00 -91.747
2023 124 23:02:00 -91.210
2023 124 23:04:00 -90.625
2023 124 23:06:00 -90.007
2023 124 23:08:00 -89.362
2023 124 23:10:00 -88.670
2023 124 23:12:00 -87.946
2023 124 23:14:00 -87.196
2023 124 23:16:00 -86.398
2023 124 23:18:00 -85.569
2023 124 23:20:00 -84.713
2023 124 23:22:00 -83.814
2023 124 23:24:00 -82.884
2023 124 23:26:00 -81.926
2023 124 23:28:00 -80.928
2023 124 23:30:00 -79.896
2023 124 23:32:00 -78.840
2023 124 23:34:00 -77.744
2023 124 23:36:00 -76.616
2023 124 23:38:00 -75.463
2023 124 23:40:00 -74.269
2023 124 23:42:00 -73.051
2023 124 23:44:00 -71.803
2023 124 23:46:00 -70.518
2023 124 23:48:00 -69.209
2023 124 23:50:00 -67.873
2023 124 23:52:00 -66.498
2023 124 23:54:00 -65.102
2023 124 23:56:00 -63.679
2023 124 23:58:00 -62.224
2023 125 00:00:00 -60.741
2023 125 00:02:00 -59.232
2023 125 00:04:00 -57.699
2023 125 00:06:00 -56.133
2023 125 00:08:00 -54.548
2023 125 00:10:00 -52.938
2023 125 00:12:00 -51.297
2023 125 00:14:00 -49.638
2023 125 00:16:00 -47.955
2023 125 00:18:00 -46.242
2023 125 00:20:00 -44.514
2023 125 00:22:00 -42.762
2023 125 00:24:00 -40.982
2023 125 00:26:00 -39.185
2023 125 00:28:00 -37.372
2023 125 00:30:00 -35.531
2023 125 00:32:00 -33.673
2023 125 00:34:00 -31.801
2023 125 00:36:00 -29.902
2023 125 00:38:00 -27.989
2023 125 00:40:00 -26.061
2023 125 00:42:00 -24.110
2023 125 00:44:00 -22.146
2023 125 00:46:00 -20.165
2023 125 00:48:00 -18.170
2023 125 00:50:00 -16.160
2023 125 00:52:00 -14.134
2023 125 00:54:00 -12.097
2023 125 00:56:00 -10.047
2023 125 00:58:00  -7.982
2023 125 01:00:00  -5.908
2023 125 01:02:00  -3.823
2023 125 01:04:00  -1.723
2023 125 01:06:00   0.382
2023 125 01:08:00   2.498
2023 125 01:10:00   4.625
2023 125 01:12:00   6.761
2023 125 01:14:00   8.896
2023 125 01:16:00  11.042
2023 125 01:18:00  13.204
2023 125 01:20:00  15.358
2023 125 01:22:00  17.522
2023 125 01:24:00  19.698
2023 125 01:26:00  21.866
2023 125 01:28:00  24.041
2023 125 01:30:00  26.228
2023 125 01:32:00  28.407
2023 125 01:34:00  30.584
2023 125 01:36:00  32.776
2023 125 01:38:00  34.957
2023 125 01:40:00  37.134
2023 125 01:42:00  39.325
2023 125 01:44:00  41.504
2023 125 01:46:00  43.674
2023 125 01:48:00  45.859
2023 125 01:50:00  48.028
2023 125 01:52:00  50.192
2023 125 01:54:00  52.360
2023 125 01:56:00  54.515
2023 125 01:58:00  56.664
2023 125 02:00:00  58.812
2023 125 02:02:00  60.947
2023 125 02:04:00  63.075
2023 125 02:06:00  65.200
2023 125 02:08:00  67.309
2023 125 02:10:00  69.409
2023 125 02:12:00  71.510
2023 125 02:14:00  73.584
2023 125 02:16:00  75.651
2023 125 02:18:00  77.718
2023 125 02:20:00  79.755
2023 125 02:22:00  81.784
2023 125 02:24:00  83.812
2023 125 02:26:00  85.810
2023 125 02:28:00  87.794
2023 125 02:30:00  89.764
2023 125 02:32:00  91.728
2023 125 02:34:00  93.664
2023 125 02:36:00  95.584
2023 125 02:38:00  97.501
2023 125 02:40:00  99.382
2023 125 02:42:00 101.246
2023 125 02:44:00 103.106
2023 125 02:46:00 104.929
2023 125 02:48:00 106.735
2023 125 02:50:00 108.532
2023 125 02:52:00 110.293
2023 125 02:54:00 112.035
2023 125 02:56:00 113.766
2023 125 02:58:00 115.463
2023 125 03:00:00 117.134
2023 125 03:02:00 118.797
2023 125 03:04:00 120.420
2023 125 03:06:00 122.018
2023 125 03:08:00 123.608
2023 125 03:10:00 125.155
2023 125 03:12:00 126.676
2023 125 03:14:00 128.187
2023 125 03:16:00 129.658
2023 125 03:18:00 131.097
2023 125 03:20:00 132.525
2023 125 03:22:00 133.911
2023 125 03:24:00 135.267
2023 125 03:26:00 136.608
2023 125 03:28:00 137.908
2023 125 03:30:00 139.179
2023 125 03:32:00 140.428
2023 125 03:34:00 141.638
2023 125 03:36:00 142.817
2023 125 03:38:00 143.978
2023 125 03:40:00 145.091
2023 125 03:42:00 146.176
2023 125 03:44:00 147.225
2023 125 03:46:00 148.259
2023 125 03:48:00 149.247
2023 125 03:50:00 150.198
2023 125 03:52:00 151.136
2023 125 03:54:00 152.021
2023 125 03:56:00 152.872
2023 125 03:58:00 153.709
2023 125 04:00:00 154.493
2023 125 04:02:00 155.240
2023 125 04:04:00 155.976
2023 125 04:06:00 156.657
2023 125 04:08:00 157.297
2023 125 04:10:00 157.928
2023 125 04:12:00 158.504
2023 125 04:14:00 159.037
2023 125 04:16:00 159.562
2023 125 04:18:00 160.031
2023 125 04:20:00 160.460
2023 125 04:22:00 160.873
2023 125 04:24:00 161.235
2023 125 04:26:00 161.560
2023 125 04:28:00 161.858
2023 125 04:30:00 162.111
2023 125 04:32:00 162.326
2023 125 04:34:00 162.518
2023 125 04:36:00 162.657
2023 125 04:38:00 162.763
2023 125 04:40:00 162.844
2023 125 04:42:00 162.877
2023 125 04:44:00 162.869
2023 125 04:46:00 162.839
2023 125 04:48:00 162.761
2023 125 04:50:00 162.643
2023 125 04:52:00 162.503
2023 125 04:54:00 162.314
2023 125 04:56:00 162.090
2023 125 04:58:00 161.818
2023 125 05:00:00 161.538
2023 125 05:02:00 161.204
2023 125 05:04:00 160.822
2023 125 05:06:00 160.433
2023 125 05:08:00 159.990
2023 125 05:10:00 159.503
2023 125 05:12:00 159.003
2023 125 05:14:00 158.451
2023 125 05:16:00 157.857
2023 125 05:18:00 157.250
2023 125 05:20:00 156.592
2023 125 05:22:00 155.892
2023 125 05:24:00 155.183
2023 125 05:26:00 154.418
2023 125 05:28:00 153.612
2023 125 05:30:00 152.799
2023 125 05:32:00 151.932
2023 125 05:34:00 151.025
2023 125 05:36:00 150.109
2023 125 05:38:00 149.145
2023 125 05:40:00 148.135
2023 125 05:42:00 147.119
2023 125 05:44:00 146.057
2023 125 05:46:00 144.953
2023 125 05:48:00 143.838
2023 125 05:50:00 142.678
2023 125 05:52:00 141.480
2023 125 05:54:00 140.271
2023 125 05:56:00 139.019
2023 125 05:58:00 137.730
2023 125 06:00:00 136.433
2023 125 06:02:00 135.088
2023 125 06:04:00 133.711
2023 125 06:06:00 132.325
2023 125 06:08:00 130.895
2023 125 06:10:00 129.432
2023 125 06:12:00 127.950
2023 125 06:14:00 126.453
2023 125 06:16:00 124.904
2023 125 06:18:00 123.343
2023 125 06:20:00 121.767
2023 125 06:22:00 120.141
2023 125 06:24:00 118.504
2023 125 06:26:00 116.854
2023 125 06:28:00 115.156
2023 125 06:30:00 113.446
2023 125 06:32:00 111.723
2023 125 06:34:00 109.957
2023 125 06:36:00 108.178
2023 125 06:38:00 106.390
2023 125 06:40:00 104.568
2023 125 06:42:00 102.717
2023 125 06:44:00 100.866
2023 125 06:46:00  98.984
2023 125 06:48:00  97.074
2023 125 06:50:00  95.168
2023 125 06:52:00  93.230
2023 125 06:54:00  91.266
2023 125 06:56:00  89.305
2023 125 06:58:00  87.319
2023 125 07:00:00  85.307
2023 125 07:02:00  83.297
2023 125 07:04:00  81.268
2023 125 07:06:00  79.210
2023 125 07:08:00  77.158
2023 125 07:10:00  75.089
2023 125 07:12:00  72.993
2023 125 07:14:00  70.904
2023 125 07:16:00  68.796
2023 125 07:18:00  66.672
2023 125 07:20:00  64.549
2023 125 07:22:00  62.412
2023 125 07:24:00  60.260
2023 125 07:26:00  58.106
2023 125 07:28:00  55.950
2023 125 07:30:00  53.776
2023 125 07:32:00  51.602
2023 125 07:34:00  49.426
2023 125 07:36:00  47.236
2023 125 07:38:00  45.047
2023 125 07:40:00  42.858
2023 125 07:42:00  40.653
2023 125 07:44:00  38.458
2023 125 07:46:00  36.261
2023 125 07:48:00  34.050
2023 125 07:50:00  31.852
2023 125 07:52:00  29.653
2023 125 07:54:00  27.443
2023 125 07:56:00  25.246
2023 125 07:58:00  23.050
2023 125 08:00:00  20.845
2023 125 08:02:00  18.653
2023 125 08:04:00  16.469
2023 125 08:06:00  14.276
2023 125 08:08:00  12.097
2023 125 08:10:00   9.927
2023 125 08:12:00   7.752
2023 125 08:14:00   5.592
2023 125 08:16:00   3.442
2023 125 08:18:00   1.289
2023 125 08:20:00  -0.846
2023 125 08:22:00  -2.974
2023 125 08:24:00  -5.095
2023 125 08:26:00  -7.201
2023 125 08:28:00  -9.297
2023 125 08:30:00 -11.384
2023 125 08:32:00 -13.455
2023 125 08:34:00 -15.515
2023 125 08:36:00 -17.563
2023 125 08:38:00 -19.593
2023 125 08:40:00 -21.608
2023 125 08:42:00 -23.615
2023 125 08:44:00 -25.599
2023 125 08:46:00 -27.566
2023 125 08:48:00 -29.527
2023 125 08:50:00 -31.457
2023 125 08:52:00 -33.372
2023 125 08:54:00 -35.272
2023 125 08:56:00 -37.152
2023 125 08:58:00 -39.010
2023 125 09:00:00 -40.851
2023 125 09:02:00 -42.670
2023 125 09:04:00 -44.465
2023 125 09:06:00 -46.243
2023 125 09:08:00 -47.998
2023 125 09:10:00 -49.723
2023 125 09:12:00 -51.433
2023 125 09:14:00 -53.118
2023 125 09:16:00 -54.771
2023 125 09:18:00 -56.409
2023 125 09:20:00 -58.018
2023 125 09:22:00 -59.596
2023 125 09:24:00 -61.156
2023 125 09:26:00 -62.688
2023 125 09:28:00 -64.187
2023 125 09:30:00 -65.664
2023 125 09:32:00 -67.112
2023 125 09:34:00 -68.528
2023 125 09:36:00 -69.919
2023 125 09:38:00 -71.281
2023 125 09:40:00 -72.609
2023 125 09:42:00 -73.911
2023 125 09:44:00 -75.182
2023 125 09:46:00 -76.419
2023 125 09:48:00 -77.633
2023 125 09:50:00 -78.807
2023 125 09:52:00 -79.949
2023 125 09:54:00 -81.059
2023 125 09:56:00 -82.145
2023 125 09:58:00 -83.190
2023 125 10:00:00 -84.201
2023 125 10:02:00 -85.189
2023 125 10:04:00 -86.131
2023 125 10:06:00 -87.042
2023 125 10:08:00 -87.928
2023 125 10:10:00 -88.768
2023 125 10:12:00 -89.574
2023 125 10:14:00 -90.358
2023 125 10:16:00 -91.092
2023 125 10:18:00 -91.792
2023 125 10:20:00 -92.468
2023 125 10:22:00 -93.096
2023 125 10:24:00 -93.688
2023 125 10:26:00 -94.256
2023 125 10:28:00 -94.775
2023 125 10:30:00 -95.259
2023 125 10:32:00 -95.716
2023 125 10:34:00 -96.126
2023 125 10:36:00 -96.498
2023 125 10:38:00 -96.845
2023 125 10:40:00 -97.143
2023 125 10:42:00 -97.403
2023 125 10:44:00 -97.639
2023 125 10:46:00 -97.823
2023 125 10:48:00 -97.972
2023 125 10:50:00 -98.094
2023 125 10:52:00 -98.168
2023 125 10:54:00 -98.203
2023 125 10:56:00 -98.211
2023 125 10:58:00 -98.172
2023 125 11:00:00 -98.094
2023 125 11:02:00 -97.989
2023 125 11:04:00 -97.837
2023 125 11:06:00 -97.648
2023 125 11:08:00 -97.419
2023 125 11:10:00 -97.164
2023 125 11:12:00 -96.862
2023 125 11:14:00 -96.521
2023 125 11:16:00 -96.154
2023 125 11:18:00 -95.740
2023 125 11:20:00 -95.289
2023 125 11:22:00 -94.809
2023 125 11:24:00 -94.285
2023 125 11:26:00 -93.724
2023 125 11:28:00 -93.134
2023 125 11:30:00 -92.500
2023 125 11:32:00 -91.830
2023 125 11:34:00 -91.133
2023 125 11:36:00 -90.390
2023 125 11:38:00 -89.613
2023 125 11:40:00 -88.809
2023 125 11:42:00 -87.962
2023 125 11:44:00 -87.079
2023 125 11:46:00 -86.169
2023 125 11:48:00 -85.220
2023 125 11:50:00 -84.233
2023 125 11:52:00 -83.221
2023 125 11:54:00 -82.170
2023 125 11:56:00 -81.085
2023 125 11:58:00 -79.971
2023 125 12:00:00 -78.820
2023 125 12:02:00 -77.640
2023 125 12:04:00 -76.429
2023 125 12:06:00 -75.183
2023 125 12:08:00 -73.908
2023 125 12:10:00 -72.605
2023 125 12:12:00 -71.265
2023 125 12:14:00 -69.899
2023 125 12:16:00 -68.506
2023 125 12:18:00 -67.077
2023 125 12:20:00 -65.621
2023 125 12:22:00 -64.137
2023 125 12:24:00 -62.632
2023 125 12:26:00 -61.090
2023 125 12:28:00 -59.524
2023 125 12:30:00 -57.937
2023 125 12:32:00 -56.318
2023 125 12:34:00 -54.673
2023 125 12:36:00 -53.008
2023 125 12:38:00 -51.314
2023 125 12:40:00 -49.595
2023 125 12:42:00 -47.857
2023 125 12:44:00 -46.092
2023 125 12:46:00 -44.301
2023 125 12:48:00 -42.498
2023 125 12:50:00 -40.666
2023 125 12:52:00 -38.811
2023 125 12:54:00 -36.944
2023 125 12:56:00 -35.051
2023 125 12:58:00 -33.137
2023 125 13:00:00 -31.212
2023 125 13:02:00 -29.262
2023 125 13:04:00 -27.293
2023 125 13:06:00 -25.312
2023 125 13:08:00 -23.314
2023 125 13:10:00 -21.296
2023 125 13:12:00 -19.266
2023 125 13:14:00 -17.224
2023 125 13:16:00 -15.161
2023 125 13:18:00 -13.088
2023 125 13:20:00 -11.006
2023 125 13:22:00  -8.906
2023 125 13:24:00  -6.794
2023 125 13:26:00  -4.673
2023 125 13:28:00  -2.545
2023 125 13:30:00  -0.401
2023 125 13:32:00   1.749
2023 125 13:34:00   3.904
2023 125 13:36:00   6.072
2023 125 13:38:00   8.247
2023 125 13:40:00  10.424
2023 125 13:42:00  12.611
2023 125 13:44:00  14.805
2023 125 13:46:00  17.001
2023 125 13:48:00  19.197
2023 125 13:50:00  21.403
2023 125 13:52:00  23.609
2023 125 13:54:00  25.813
2023 125 13:56:00  28.025
2023 125 13:58:00  30.234
2023 125 14:00:00  32.440
2023 125 14:02:00  34.653
2023 125 14:04:00  36.860
2023 125 14:06:00  39.061
2023 125 14:08:00  41.268
2023 125 14:10:00  43.468
2023 125 14:12:00  45.663
2023 125 14:14:00  47.854
2023 125 14:16:00  50.040
2023 125 14:18:00  52.219
2023 125 14:20:00  54.392
2023 125 14:22:00  56.558
2023 125 14:24:00  58.715
2023 125 14:26:00  60.865
2023 125 14:28:00  63.005
2023 125 14:30:00  65.134
2023 125 14:32:00  67.261
2023 125 14:34:00  69.364
2023 125 14:36:00  71.459
2023 125 14:38:00  73.552
2023 125 14:40:00  75.618
2023 125 14:42:00  77.673
2023 125 14:44:00  79.725
2023 125 14:46:00  81.749
2023 125 14:48:00  83.758
2023 125 14:50:00  85.755
2023 125 14:52:00  87.745
2023 125 14:54:00  89.701
2023 125 14:56:00  91.644
2023 125 14:58:00  93.581
2023 125 15:00:00  95.481
2023 125 15:02:00  97.367
2023 125 15:04:00  99.246
2023 125 15:06:00 101.085
2023 125 15:08:00 102.911
2023 125 15:10:00 104.725
2023 125 15:12:00 106.498
2023 125 15:14:00 108.256
2023 125 15:16:00 110.002
2023 125 15:18:00 111.709
2023 125 15:20:00 113.390
2023 125 15:22:00 115.065
2023 125 15:24:00 116.695
2023 125 15:26:00 118.300
2023 125 15:28:00 119.897
2023 125 15:30:00 121.449
2023 125 15:32:00 122.971
2023 125 15:34:00 124.486
2023 125 15:36:00 125.954
2023 125 15:38:00 127.396
2023 125 15:40:00 128.821
2023 125 15:42:00 130.206
2023 125 15:44:00 131.555
2023 125 15:46:00 132.888
2023 125 15:48:00 134.182
2023 125 15:50:00 135.439
2023 125 15:52:00 136.678
2023 125 15:54:00 137.877
2023 125 15:56:00 139.037
2023 125 15:58:00 140.186
2023 125 16:00:00 141.280
2023 125 16:02:00 142.341
2023 125 16:04:00 143.374
2023 125 16:06:00 144.383
2023 125 16:08:00 145.341
2023 125 16:10:00 146.271
2023 125 16:12:00 147.179
2023 125 16:14:00 148.029
2023 125 16:16:00 148.853
2023 125 16:18:00 149.659
2023 125 16:20:00 150.398
2023 125 16:22:00 151.115
2023 125 16:24:00 151.813
2023 125 16:26:00 152.445
2023 125 16:28:00 153.049
2023 125 16:30:00 153.636
2023 125 16:32:00 154.158
2023 125 16:34:00 154.653
2023 125 16:36:00 155.126
2023 125 16:38:00 155.535
2023 125 16:40:00 155.917
2023 125 16:42:00 156.278
2023 125 16:44:00 156.575
2023 125 16:46:00 156.842
2023 125 16:48:00 157.090
2023 125 16:50:00 157.271
2023 125 16:52:00 157.422
2023 125 16:54:00 157.557
2023 125 16:56:00 157.621
2023 125 16:58:00 157.659
2023 125 17:00:00 157.678
2023 125 17:02:00 157.631
2023 125 17:04:00 157.551
2023 125 17:06:00 157.454
2023 125 17:08:00 157.291
2023 125 17:10:00 157.097
2023 125 17:12:00 156.885
2023 125 17:14:00 156.608
2023 125 17:16:00 156.303
2023 125 17:18:00 155.955
2023 125 17:20:00 155.582
2023 125 17:22:00 155.163
2023 125 17:24:00 154.704
2023 125 17:26:00 154.217
2023 125 17:28:00 153.686
2023 125 17:30:00 153.118
2023 125 17:32:00 152.516
2023 125 17:34:00 151.874
2023 125 17:36:00 151.196
2023 125 17:38:00 150.486
2023 125 17:40:00 149.732
2023 125 17:42:00 148.946
2023 125 17:44:00 148.128
2023 125 17:46:00 147.267
2023 125 17:48:00 146.374
2023 125 17:50:00 145.452
2023 125 17:52:00 144.488
2023 125 17:54:00 143.488
2023 125 17:56:00 142.474
2023 125 17:58:00 141.398
2023 125 18:00:00 140.295
2023 125 18:02:00 139.182
2023 125 18:04:00 138.005
2023 125 18:06:00 136.808
2023 125 18:08:00 135.594
2023 125 18:10:00 134.321
2023 125 18:12:00 133.030
2023 125 18:14:00 131.720
2023 125 18:16:00 130.356
2023 125 18:18:00 128.972
2023 125 18:20:00 127.576
2023 125 18:22:00 126.119
2023 125 18:24:00 124.649
2023 125 18:26:00 123.165
2023 125 18:28:00 121.626
2023 125 18:30:00 120.068
2023 125 18:32:00 118.488
2023 125 18:34:00 116.882
2023 125 18:36:00 115.245
2023 125 18:38:00 113.587
2023 125 18:40:00 111.904
2023 125 18:42:00 110.195
2023 125 18:44:00 108.461
2023 125 18:46:00 106.706
2023 125 18:48:00 104.926
2023 125 18:50:00 103.122
2023 125 18:52:00 101.301
2023 125 18:54:00  99.455
2023 125 18:56:00  97.590
2023 125 18:58:00  95.703
2023 125 19:00:00  93.797
2023 125 19:02:00  91.872
2023 125 19:04:00  89.929
2023 125 19:06:00  87.967
2023 125 19:08:00  85.989
2023 125 19:10:00  83.995
2023 125 19:12:00  81.981
2023 125 19:14:00  79.954
2023 125 19:16:00  77.911
2023 125 19:18:00  75.855
2023 125 19:20:00  73.785
2023 125 19:22:00  71.700
2023 125 19:24:00  69.607
2023 125 19:26:00  67.497
2023 125 19:28:00  65.377
2023 125 19:30:00  63.250
2023 125 19:32:00  61.111
2023 125 19:34:00  58.958
2023 125 19:36:00  56.801
2023 125 19:38:00  54.639
2023 125 19:40:00  52.461
2023 125 19:42:00  50.282
2023 125 19:44:00  48.100
2023 125 19:46:00  45.899
2023 125 19:48:00  43.709
2023 125 19:50:00  41.512
2023 125 19:52:00  39.299
2023 125 19:54:00  37.098
2023 125 19:56:00  34.890
2023 125 19:58:00  32.673
2023 125 20:00:00  30.469
2023 125 20:02:00  28.257
2023 125 20:04:00  26.040
2023 125 20:06:00  23.836
2023 125 20:08:00  21.628
2023 125 20:10:00  19.427
2023 125 20:12:00  17.220
2023 125 20:14:00  15.022
2023 125 20:16:00  12.831
2023 125 20:18:00  10.637
2023 125 20:20:00   8.454
2023 125 20:22:00   6.278
2023 125 20:24:00   4.105
2023 125 20:26:00   1.943
2023 125 20:28:00  -0.210
2023 125 20:30:00  -2.358
2023 125 20:32:00  -4.494
2023 125 20:34:00  -6.618
2023 125 20:36:00  -8.736
2023 125 20:38:00 -10.839
2023 125 20:40:00 -12.929
2023 125 20:42:00 -15.015
2023 125 20:44:00 -17.076
2023 125 20:46:00 -19.127
2023 125 20:48:00 -21.171
2023 125 20:50:00 -23.189
2023 125 20:52:00 -25.195
2023 125 20:54:00 -27.193
2023 125 20:56:00 -29.161
2023 125 20:58:00 -31.116
2023 125 21:00:00 -33.061
2023 125 21:02:00 -34.981
2023 125 21:04:00 -36.877
2023 125 21:06:00 -38.763
2023 125 21:08:00 -40.625
2023 125 21:10:00 -42.461
2023 125 21:12:00 -44.284
2023 125 21:14:00 -46.083
2023 125 21:16:00 -47.853
2023 125 21:18:00 -49.610
2023 125 21:20:00 -51.340
2023 125 21:22:00 -53.043
2023 125 21:24:00 -54.725
2023 125 21:26:00 -56.383
2023 125 21:28:00 -58.011
2023 125 21:30:00 -59.616
2023 125 21:32:00 -61.198
2023 125 21:34:00 -62.747
2023 125 21:36:00 -64.272
2023 125 21:38:00 -65.772
2023 125 21:40:00 -67.240
2023 125 21:42:00 -68.679
2023 125 21:44:00 -70.095
2023 125 21:46:00 -71.476
2023 125 21:48:00 -72.830
2023 125 21:50:00 -74.154
2023 125 21:52:00 -75.445
2023 125 21:54:00 -76.708
2023 125 21:56:00 -77.940
2023 125 21:58:00 -79.137
2023 125 22:00:00 -80.306
2023 125 22:02:00 -81.442
2023 125 22:04:00 -82.543
2023 125 22:06:00 -83.614
2023 125 22:08:00 -84.656
2023 125 22:10:00 -85.653
2023 125 22:12:00 -86.624
2023 125 22:14:00 -87.557
2023 125 22:16:00 -88.461
2023 125 22:18:00 -89.328
2023 125 22:20:00 -90.158
2023 125 22:22:00 -90.960
2023 125 22:24:00 -91.718
2023 125 22:26:00 -92.445
2023 125 22:28:00 -93.143
2023 125 22:30:00 -93.794
2023 125 22:32:00 -94.411
2023 125 22:34:00 -95.002
2023 125 22:36:00 -95.545
2023 125 22:38:00 -96.053
2023 125 22:40:00 -96.534
2023 125 22:42:00 -96.968
2023 125 22:44:00 -97.367
2023 125 22:46:00 -97.737
2023 125 22:48:00 -98.060
2023 125 22:50:00 -98.348
2023 125 22:52:00 -98.607
2023 125 22:54:00 -98.820
2023 125 22:56:00 -98.995
2023 125 22:58:00 -99.144
2023 125 23:00:00 -99.243
2023 125 23:02:00 -99.306
2023 125 23:04:00 -99.343
2023 125 23:06:00 -99.330
2023 125 23:08:00 -99.281
2023 125 23:10:00 -99.206
2023 125 23:12:00 -99.084
2023 125 23:14:00 -98.921
2023 125 23:16:00 -98.734
2023 125 23:18:00 -98.500
2023 125 23:20:00 -98.226
2023 125 23:22:00 -97.928
2023 125 23:24:00 -97.583
2023 125 23:26:00 -97.201
2023 125 23:28:00 -96.780
2023 125 23:30:00 -96.336
2023 125 23:32:00 -95.844
2023 125 23:34:00 -95.317
2023 125 23:36:00 -94.763
2023 125 23:38:00 -94.163
2023 125 23:40:00 -93.528
2023 125 23:42:00 -92.867
2023 125 23:44:00 -92.160
2023 125 23:46:00 -91.420
2023 125 23:48:00 -90.656
2023 125 23:50:00 -89.843
2023 125 23:52:00 -88.999
2023 125 23:54:00 -88.132
2023 125 23:56:00 -87.217
2023 125 23:58:00 -86.272
2023 126 00:00:00 -85.304
2023 126 00:02:00 -84.291
2023 126 00:04:00 -83.246
2023 126 00:06:00 -82.180
2023 126 00:08:00 -81.070
2023 126 00:10:00 -79.928
2023 126 00:12:00 -78.767
2023 126 00:14:00 -77.564
2023 126 00:16:00 -76.331
2023 126 00:18:00 -75.076
2023 126 00:20:00 -73.781
2023 126 00:22:00 -72.460
2023 126 00:24:00 -71.117
2023 126 00:26:00 -69.733
2023 126 00:28:00 -68.326
2023 126 00:30:00 -66.899
2023 126 00:32:00 -65.431
2023 126 00:34:00 -63.942
2023 126 00:36:00 -62.433
2023 126 00:38:00 -60.889
2023 126 00:40:00 -59.316
2023 126 00:42:00 -57.723
2023 126 00:44:00 -56.112
2023 126 00:46:00 -54.464
2023 126 00:48:00 -52.799
2023 126 00:50:00 -51.116
2023 126 00:52:00 -49.400
2023 126 00:54:00 -47.665
2023 126 00:56:00 -45.914
2023 126 00:58:00 -44.133
2023 126 01:00:00 -42.331
2023 126 01:02:00 -40.520
2023 126 01:04:00 -38.678
2023 126 01:06:00 -36.819
2023 126 01:08:00 -34.949
2023 126 01:10:00 -33.050
2023 126 01:12:00 -31.136
2023 126 01:14:00 -29.213
2023 126 01:16:00 -27.264
2023 126 01:18:00 -25.300
2023 126 01:20:00 -23.330
2023 126 01:22:00 -21.334
2023 126 01:24:00 -19.326
2023 126 01:26:00 -17.310
2023 126 01:28:00 -15.277
2023 126 01:30:00 -13.229
2023 126 01:32:00 -11.174
2023 126 01:34:00  -9.106
2023 126 01:36:00  -7.025
2023 126 01:38:00  -4.937
2023 126 01:40:00  -2.839
2023 126 01:42:00  -0.730
2023 126 01:44:00   1.385
2023 126 01:46:00   3.512
2023 126 01:48:00   5.640
2023 126 01:50:00   7.778
2023 126 01:52:00   9.923
2023 126 01:54:00  12.069
2023 126 01:56:00  14.223
2023 126 01:58:00  16.382
2023 126 02:00:00  18.539
2023 126 02:02:00  20.704
2023 126 02:04:00  22.871
2023 126 02:06:00  25.040
2023 126 02:08:00  27.204
2023 126 02:10:00  29.375
2023 126 02:12:00  31.544
2023 126 02:14:00  33.708
2023 126 02:16:00  35.876
2023 126 02:18:00  38.040
2023 126 02:20:00  40.197
2023 126 02:22:00  42.358
2023 126 02:24:00  44.512
2023 126 02:26:00  46.662
2023 126 02:28:00  48.804
2023 126 02:30:00  50.943
2023 126 02:32:00  53.075
2023 126 02:34:00  55.197
2023 126 02:36:00  57.315
2023 126 02:38:00  59.425
2023 126 02:40:00  61.523
2023 126 02:42:00  63.614
2023 126 02:44:00  65.695
2023 126 02:46:00  67.764
2023 126 02:48:00  69.823
2023 126 02:50:00  71.870
2023 126 02:52:00  73.911
2023 126 02:54:00  75.926
2023 126 02:56:00  77.935
2023 126 02:58:00  79.935
2023 126 03:00:00  81.909
2023 126 03:02:00  83.873
2023 126 03:04:00  85.828
2023 126 03:06:00  87.754
2023 126 03:08:00  89.670
2023 126 03:10:00  91.568
2023 126 03:12:00  93.454
2023 126 03:14:00  95.311
2023 126 03:16:00  97.153
2023 126 03:18:00  98.983
2023 126 03:20:00 100.782
2023 126 03:22:00 102.565
2023 126 03:24:00 104.332
2023 126 03:26:00 106.068
2023 126 03:28:00 107.787
2023 126 03:30:00 109.488
2023 126 03:32:00 111.161
2023 126 03:34:00 112.807
2023 126 03:36:00 114.439
2023 126 03:38:00 116.039
2023 126 03:40:00 117.612
2023 126 03:42:00 119.170
2023 126 03:44:00 120.695
2023 126 03:46:00 122.191
2023 126 03:48:00 123.671
2023 126 03:50:00 125.118
2023 126 03:52:00 126.536
2023 126 03:54:00 127.930
2023 126 03:56:00 129.294
2023 126 03:58:00 130.628
2023 126 04:00:00 131.937
2023 126 04:02:00 133.214
2023 126 04:04:00 134.462
2023 126 04:06:00 135.681
2023 126 04:08:00 136.869
2023 126 04:10:00 138.026
2023 126 04:12:00 139.153
2023 126 04:14:00 140.248
2023 126 04:16:00 141.312
2023 126 04:18:00 142.351
2023 126 04:20:00 143.344
2023 126 04:22:00 144.312
2023 126 04:24:00 145.240
2023 126 04:26:00 146.151
2023 126 04:28:00 147.018
2023 126 04:30:00 147.846
2023 126 04:32:00 148.658
2023 126 04:34:00 149.424
2023 126 04:36:00 150.151
2023 126 04:38:00 150.865
2023 126 04:40:00 151.527
2023 126 04:42:00 152.148
2023 126 04:44:00 152.758
2023 126 04:46:00 153.315
2023 126 04:48:00 153.832
2023 126 04:50:00 154.337
2023 126 04:52:00 154.788
2023 126 04:54:00 155.200
2023 126 04:56:00 155.597
2023 126 04:58:00 155.946
2023 126 05:00:00 156.246
2023 126 05:02:00 156.537
2023 126 05:04:00 156.777
2023 126 05:06:00 156.978
2023 126 05:08:00 157.154
2023 126 05:10:00 157.285
2023 126 05:12:00 157.377
2023 126 05:14:00 157.445
2023 126 05:16:00 157.466
2023 126 05:18:00 157.451
2023 126 05:20:00 157.410
2023 126 05:22:00 157.326
2023 126 05:24:00 157.202
2023 126 05:26:00 157.049
2023 126 05:28:00 156.856
2023 126 05:30:00 156.627
2023 126 05:32:00 156.364
2023 126 05:34:00 156.063
2023 126 05:36:00 155.727
2023 126 05:38:00 155.339
2023 126 05:40:00 154.948
2023 126 05:42:00 154.505
2023 126 05:44:00 154.017
2023 126 05:46:00 153.515
2023 126 05:48:00 152.966
2023 126 05:50:00 152.372
2023 126 05:52:00 151.766
2023 126 05:54:00 151.113
2023 126 05:56:00 150.415
2023 126 05:58:00 149.710
2023 126 06:00:00 148.951
2023 126 06:02:00 148.151
2023 126 06:04:00 147.346
2023 126 06:06:00 146.486
2023 126 06:08:00 145.586
2023 126 06:10:00 144.682
2023 126 06:12:00 143.726
2023 126 06:14:00 142.727
2023 126 06:16:00 141.724
2023 126 06:18:00 140.674
2023 126 06:20:00 139.582
2023 126 06:22:00 138.483
2023 126 06:24:00 137.339
2023 126 06:26:00 136.154
2023 126 06:28:00 134.963
2023 126 06:30:00 133.729
2023 126 06:32:00 132.456
2023 126 06:34:00 131.179
2023 126 06:36:00 129.856
2023 126 06:38:00 128.495
2023 126 06:40:00 127.134
2023 126 06:42:00 125.726
2023 126 06:44:00 124.284
2023 126 06:46:00 122.841
2023 126 06:48:00 121.356
2023 126 06:50:00 119.832
2023 126 06:52:00 118.295
2023 126 06:54:00 116.749
2023 126 06:56:00 115.150
2023 126 06:58:00 113.539
2023 126 07:00:00 111.921
2023 126 07:02:00 110.253
2023 126 07:04:00 108.570
2023 126 07:06:00 106.883
2023 126 07:08:00 105.148
2023 126 07:10:00 103.400
2023 126 07:12:00 101.649
2023 126 07:14:00  99.851
2023 126 07:16:00  98.044
2023 126 07:18:00  96.231
2023 126 07:20:00  94.386
2023 126 07:22:00  92.511
2023 126 07:24:00  90.646
2023 126 07:26:00  88.745
2023 126 07:28:00  86.818
2023 126 07:30:00  84.901
2023 126 07:32:00  82.953
2023 126 07:34:00  80.980
2023 126 07:36:00  79.017
2023 126 07:38:00  77.027
2023 126 07:40:00  75.011
2023 126 07:42:00  73.006
2023 126 07:44:00  70.978
2023 126 07:46:00  68.925
2023 126 07:48:00  66.884
2023 126 07:50:00  64.824
2023 126 07:52:00  62.741
2023 126 07:54:00  60.668
2023 126 07:56:00  58.577
2023 126 07:58:00  56.470
2023 126 08:00:00  54.371
2023 126 08:02:00  52.257
2023 126 08:04:00  50.129
2023 126 08:06:00  48.003
2023 126 08:08:00  45.879
2023 126 08:10:00  43.736
2023 126 08:12:00  41.595
2023 126 08:14:00  39.459
2023 126 08:16:00  37.304
2023 126 08:18:00  35.157
2023 126 08:20:00  33.015
2023 126 08:22:00  30.853
2023 126 08:24:00  28.703
2023 126 08:26:00  26.559
2023 126 08:28:00  24.399
2023 126 08:30:00  22.250
2023 126 08:32:00  20.110
2023 126 08:34:00  17.957
2023 126 08:36:00  15.813
2023 126 08:38:00  13.685
2023 126 08:40:00  11.543
2023 126 08:42:00   9.413
2023 126 08:44:00   7.298
2023 126 08:46:00   5.173
2023 126 08:48:00   3.063
2023 126 08:50:00   0.968
2023 126 08:52:00  -1.135
2023 126 08:54:00  -3.221
2023 126 08:56:00  -5.294
2023 126 08:58:00  -7.366
2023 126 09:00:00  -9.423
2023 126 09:02:00 -11.465
2023 126 09:04:00 -13.504
2023 126 09:06:00 -15.527
2023 126 09:08:00 -17.533
2023 126 09:10:00 -19.533
2023 126 09:12:00 -21.517
2023 126 09:14:00 -23.483
2023 126 09:16:00 -25.439
2023 126 09:18:00 -27.378
2023 126 09:20:00 -29.300
2023 126 09:22:00 -31.210
2023 126 09:24:00 -33.095
2023 126 09:26:00 -34.967
2023 126 09:28:00 -36.824
2023 126 09:30:00 -38.654
2023 126 09:32:00 -40.469
2023 126 09:34:00 -42.270
2023 126 09:36:00 -44.041
2023 126 09:38:00 -45.795
2023 126 09:40:00 -47.528
2023 126 09:42:00 -49.245
2023 126 09:44:00 -50.930
2023 126 09:46:00 -52.598
2023 126 09:48:00 -54.246
2023 126 09:50:00 -55.862
2023 126 09:52:00 -57.459
2023 126 09:54:00 -59.035
2023 126 09:56:00 -60.577
2023 126 09:58:00 -62.100
2023 126 10:00:00 -63.599
2023 126 10:02:00 -65.067
2023 126 10:04:00 -66.508
2023 126 10:06:00 -67.927
2023 126 10:08:00 -69.314
2023 126 10:10:00 -70.673
2023 126 10:12:00 -72.008
2023 126 10:14:00 -73.311
2023 126 10:16:00 -74.584
2023 126 10:18:00 -75.831
2023 126 10:20:00 -77.046
2023 126 10:22:00 -78.231
2023 126 10:24:00 -79.387
2023 126 10:26:00 -80.510
2023 126 10:28:00 -81.607
2023 126 10:30:00 -82.667
2023 126 10:32:00 -83.695
2023 126 10:34:00 -84.692
2023 126 10:36:00 -85.662
2023 126 10:38:00 -86.593
2023 126 10:40:00 -87.492
2023 126 10:42:00 -88.364
2023 126 10:44:00 -89.196
2023 126 10:46:00 -89.995
2023 126 10:48:00 -90.769
2023 126 10:50:00 -91.498
2023 126 10:52:00 -92.194
2023 126 10:54:00 -92.866
2023 126 10:56:00 -93.491
2023 126 10:58:00 -94.083
2023 126 11:00:00 -94.651
2023 126 11:02:00 -95.172
2023 126 11:04:00 -95.660
2023 126 11:06:00 -96.121
2023 126 11:08:00 -96.539
2023 126 11:10:00 -96.917
2023 126 11:12:00 -97.272
2023 126 11:14:00 -97.582
2023 126 11:16:00 -97.853
2023 126 11:18:00 -98.102
2023 126 11:20:00 -98.302
2023 126 11:22:00 -98.466
2023 126 11:24:00 -98.606
2023 126 11:26:00 -98.699
2023 126 11:28:00 -98.755
2023 126 11:30:00 -98.784
2023 126 11:32:00 -98.768
2023 126 11:34:00 -98.715
2023 126 11:36:00 -98.636
2023 126 11:38:00 -98.512
2023 126 11:40:00 -98.351
2023 126 11:42:00 -98.162
2023 126 11:44:00 -97.930
2023 126 11:46:00 -97.661
2023 126 11:48:00 -97.353
2023 126 11:50:00 -97.024
2023 126 11:52:00 -96.648
2023 126 11:54:00 -96.236
2023 126 11:56:00 -95.797
2023 126 11:58:00 -95.314
2023 126 12:00:00 -94.797
2023 126 12:02:00 -94.252
2023 126 12:04:00 -93.664
2023 126 12:06:00 -93.041
2023 126 12:08:00 -92.394
2023 126 12:10:00 -91.701
2023 126 12:12:00 -90.975
2023 126 12:14:00 -90.226
2023 126 12:16:00 -89.433
2023 126 12:18:00 -88.604
2023 126 12:20:00 -87.754
2023 126 12:22:00 -86.861
2023 126 12:24:00 -85.933
2023 126 12:26:00 -84.985
2023 126 12:28:00 -83.994
2023 126 12:30:00 -82.972
2023 126 12:32:00 -81.926
2023 126 12:34:00 -80.841
2023 126 12:36:00 -79.725
2023 126 12:38:00 -78.586
2023 126 12:40:00 -77.409
2023 126 12:42:00 -76.202
2023 126 12:44:00 -74.975
2023 126 12:46:00 -73.707
2023 126 12:48:00 -72.412
2023 126 12:50:00 -71.099
2023 126 12:52:00 -69.745
2023 126 12:54:00 -68.366
2023 126 12:56:00 -66.969
2023 126 12:58:00 -65.536
2023 126 13:00:00 -64.073
2023 126 13:02:00 -62.587
2023 126 13:04:00 -61.086
2023 126 13:06:00 -59.546
2023 126 13:08:00 -57.985
2023 126 13:10:00 -56.409
2023 126 13:12:00 -54.799
2023 126 13:14:00 -53.165
2023 126 13:16:00 -51.519
2023 126 13:18:00 -49.840
2023 126 13:20:00 -48.139
2023 126 13:22:00 -46.427
2023 126 13:24:00 -44.685
2023 126 13:26:00 -42.921
2023 126 13:28:00 -41.147
2023 126 13:30:00 -39.346
2023 126 13:32:00 -37.524
2023 126 13:34:00 -35.696
2023 126 13:36:00 -33.837
2023 126 13:38:00 -31.963
2023 126 13:40:00 -30.081
2023 126 13:42:00 -28.175
2023 126 13:44:00 -26.253
2023 126 13:46:00 -24.325
2023 126 13:48:00 -22.375
2023 126 13:50:00 -20.408
2023 126 13:52:00 -18.438
2023 126 13:54:00 -16.450
2023 126 13:56:00 -14.445
2023 126 13:58:00 -12.439
2023 126 14:00:00 -10.414
2023 126 14:02:00  -8.381
2023 126 14:04:00  -6.342
2023 126 14:06:00  -4.288
2023 126 14:08:00  -2.228
2023 126 14:10:00  -0.164
2023 126 14:12:00   1.914
2023 126 14:14:00   3.995
2023 126 14:16:00   6.084
2023 126 14:18:00   8.175
2023 126 14:20:00  10.271
2023 126 14:22:00  12.374
2023 126 14:24:00  14.476
2023 126 14:26:00  16.588
2023 126 14:28:00  18.696
2023 126 14:30:00  20.805
2023 126 14:32:00  22.922
2023 126 14:34:00  25.032
2023 126 14:36:00  27.143
2023 126 14:38:00  29.257
2023 126 14:40:00  31.365
2023 126 14:42:00  33.472
2023 126 14:44:00  35.580
2023 126 14:46:00  37.683
2023 126 14:48:00  39.776
2023 126 14:50:00  41.871
2023 126 14:52:00  43.960
2023 126 14:54:00  46.038
2023 126 14:56:00  48.116
2023 126 14:58:00  50.184
2023 126 15:00:00  52.241
2023 126 15:02:00  54.296
2023 126 15:04:00  56.338
2023 126 15:06:00  58.373
2023 126 15:08:00  60.394
2023 126 15:10:00  62.406
2023 126 15:12:00  64.408
2023 126 15:14:00  66.395
2023 126 15:16:00  68.370
2023 126 15:18:00  70.336
2023 126 15:20:00  72.282
2023 126 15:22:00  74.216
2023 126 15:24:00  76.140
2023 126 15:26:00  78.041
2023 126 15:28:00  79.928
2023 126 15:30:00  81.802
2023 126 15:32:00  83.660
2023 126 15:34:00  85.489
2023 126 15:36:00  87.310
2023 126 15:38:00  89.114
2023 126 15:40:00  90.886
2023 126 15:42:00  92.648
2023 126 15:44:00  94.394
2023 126 15:46:00  96.104
2023 126 15:48:00  97.803
2023 126 15:50:00  99.484
2023 126 15:52:00 101.133
2023 126 15:54:00 102.759
2023 126 15:56:00 104.373
2023 126 15:58:00 105.950
2023 126 16:00:00 107.504
2023 126 16:02:00 109.045
2023 126 16:04:00 110.547
2023 126 16:06:00 112.025
2023 126 16:08:00 113.489
2023 126 16:10:00 114.913
2023 126 16:12:00 116.315
2023 126 16:14:00 117.693
2023 126 16:16:00 119.033
2023 126 16:18:00 120.353
2023 126 16:20:00 121.645
2023 126 16:22:00 122.906
2023 126 16:24:00 124.131
2023 126 16:26:00 125.335
2023 126 16:28:00 126.507
2023 126 16:30:00 127.640
2023 126 16:32:00 128.760
2023 126 16:34:00 129.831
2023 126 16:36:00 130.871
2023 126 16:38:00 131.896
2023 126 16:40:00 132.872
2023 126 16:42:00 133.815
2023 126 16:44:00 134.732
2023 126 16:46:00 135.622
2023 126 16:48:00 136.463
2023 126 16:50:00 137.281
2023 126 16:52:00 138.070
2023 126 16:54:00 138.810
2023 126 16:56:00 139.525
2023 126 16:58:00 140.217
2023 126 17:00:00 140.850
2023 126 17:02:00 141.459
2023 126 17:04:00 142.047
2023 126 17:06:00 142.574
2023 126 17:08:00 143.077
2023 126 17:10:00 143.559
2023 126 17:12:00 143.980
2023 126 17:14:00 144.378
2023 126 17:16:00 144.751
2023 126 17:18:00 145.067
2023 126 17:20:00 145.353
2023 126 17:22:00 145.621
2023 126 17:24:00 145.825
2023 126 17:26:00 146.002
2023 126 17:28:00 146.161
2023 126 17:30:00 146.256
2023 126 17:32:00 146.323
2023 126 17:34:00 146.374
2023 126 17:36:00 146.360
2023 126 17:38:00 146.320
2023 126 17:40:00 146.257
2023 126 17:42:00 146.134
2023 126 17:44:00 145.985
2023 126 17:46:00 145.813
2023 126 17:48:00 145.581
2023 126 17:50:00 145.324
2023 126 17:52:00 145.025
2023 126 17:54:00 144.700
2023 126 17:56:00 144.336
2023 126 17:58:00 143.929
2023 126 18:00:00 143.496
2023 126 18:02:00 143.024
2023 126 18:04:00 142.516
2023 126 18:06:00 141.971
2023 126 18:08:00 141.393
2023 126 18:10:00 140.780
2023 126 18:12:00 140.132
2023 126 18:14:00 139.448
2023 126 18:16:00 138.731
2023 126 18:18:00 137.980
2023 126 18:20:00 137.192
2023 126 18:22:00 136.374
2023 126 18:24:00 135.525
2023 126 18:26:00 134.637
2023 126 18:28:00 133.716
2023 126 18:30:00 132.768
2023 126 18:32:00 131.783
2023 126 18:34:00 130.764
2023 126 18:36:00 129.733
2023 126 18:38:00 128.640
2023 126 18:40:00 127.529
2023 126 18:42:00 126.402
2023 126 18:44:00 125.219
2023 126 18:46:00 124.016
2023 126 18:48:00 122.797
2023 126 18:50:00 121.525
2023 126 18:52:00 120.234
2023 126 18:54:00 118.932
2023 126 18:56:00 117.571
2023 126 18:58:00 116.195
2023 126 19:00:00 114.811
2023 126 19:02:00 113.366
2023 126 19:04:00 111.912
2023 126 19:06:00 110.431
2023 126 19:08:00 108.927
2023 126 19:10:00 107.393
2023 126 19:12:00 105.836
2023 126 19:14:00 104.259
2023 126 19:16:00 102.654
2023 126 19:18:00 101.024
2023 126 19:20:00  99.376
2023 126 19:22:00  97.704
2023 126 19:24:00  96.006
2023 126 19:26:00  94.294
2023 126 19:28:00  92.558
2023 126 19:30:00  90.802
2023 126 19:32:00  89.024
2023 126 19:34:00  87.229
2023 126 19:36:00  85.415
2023 126 19:38:00  83.583
2023 126 19:40:00  81.733
2023 126 19:42:00  79.867
2023 126 19:44:00  77.987
2023 126 19:46:00  76.085
2023 126 19:48:00  74.171
2023 126 19:50:00  72.244
2023 126 19:52:00  70.299
2023 126 19:54:00  68.343
2023 126 19:56:00  66.375
2023 126 19:58:00  64.394
2023 126 20:00:00  62.398
2023 126 20:02:00  60.395
2023 126 20:04:00  58.381
2023 126 20:06:00  56.354
2023 126 20:08:00  54.320
2023 126 20:10:00  52.276
2023 126 20:12:00  50.226
2023 126 20:14:00  48.166
2023 126 20:16:00  46.100
2023 126 20:18:00  44.030
2023 126 20:20:00  41.940
2023 126 20:22:00  39.867
2023 126 20:24:00  37.781
2023 126 20:26:00  35.679
2023 126 20:28:00  33.594
2023 126 20:30:00  31.497
2023 126 20:32:00  29.390
2023 126 20:34:00  27.300
2023 126 20:36:00  25.197
2023 126 20:38:00  23.088
2023 126 20:40:00  20.997
2023 126 20:42:00  18.896
2023 126 20:44:00  16.791
2023 126 20:46:00  14.705
2023 126 20:48:00  12.614
2023 126 20:50:00  10.526
2023 126 20:52:00   8.441
2023 126 20:54:00   6.362
2023 126 20:56:00   4.287
2023 126 20:58:00   2.220
2023 126 21:00:00   0.160
2023 126 21:02:00  -1.893
2023 126 21:04:00  -3.939
2023 126 21:06:00  -5.976
2023 126 21:08:00  -8.003
2023 126 21:10:00 -10.020
2023 126 21:12:00 -12.030
2023 126 21:14:00 -14.026
2023 126 21:16:00 -16.013
2023 126 21:18:00 -17.984
2023 126 21:20:00 -19.944
2023 126 21:22:00 -21.894
2023 126 21:24:00 -23.824
2023 126 21:26:00 -25.743
2023 126 21:28:00 -27.650
2023 126 21:30:00 -29.535
2023 126 21:32:00 -31.407
2023 126 21:34:00 -33.271
2023 126 21:36:00 -35.104
2023 126 21:38:00 -36.922
2023 126 21:40:00 -38.731
2023 126 21:42:00 -40.512
2023 126 21:44:00 -42.272
2023 126 21:46:00 -44.024
2023 126 21:48:00 -45.745
2023 126 21:50:00 -47.444
2023 126 21:52:00 -49.133
2023 126 21:54:00 -50.791
2023 126 21:56:00 -52.425
2023 126 21:58:00 -54.046
2023 126 22:00:00 -55.637
2023 126 22:02:00 -57.204
2023 126 22:04:00 -58.750
2023 126 22:06:00 -60.269
2023 126 22:08:00 -61.763
2023 126 22:10:00 -63.233
2023 126 22:12:00 -64.676
2023 126 22:14:00 -66.092
2023 126 22:16:00 -67.483
2023 126 22:18:00 -68.847
2023 126 22:20:00 -70.182
2023 126 22:22:00 -71.493
2023 126 22:24:00 -72.771
2023 126 22:26:00 -74.021
2023 126 22:28:00 -75.246
2023 126 22:30:00 -76.437
2023 126 22:32:00 -77.599
2023 126 22:34:00 -78.734
2023 126 22:36:00 -79.836
2023 126 22:38:00 -80.907
2023 126 22:40:00 -81.950
2023 126 22:42:00 -82.963
2023 126 22:44:00 -83.937
2023 126 22:46:00 -84.885
2023 126 22:48:00 -85.799
2023 126 22:50:00 -86.681
2023 126 22:52:00 -87.532
2023 126 22:54:00 -88.348
2023 126 22:56:00 -89.133
2023 126 22:58:00 -89.884
2023 126 23:00:00 -90.600
2023 126 23:02:00 -91.288
2023 126 23:04:00 -91.933
2023 126 23:06:00 -92.550
2023 126 23:08:00 -93.137
2023 126 23:10:00 -93.680
2023 126 23:12:00 -94.192
2023 126 23:14:00 -94.676
2023 126 23:16:00 -95.115
2023 126 23:18:00 -95.524
2023 126 23:20:00 -95.903
2023 126 23:22:00 -96.237
2023 126 23:24:00 -96.541
2023 126 23:26:00 -96.815
2023 126 23:28:00 -97.047
2023 126 23:30:00 -97.241
2023 126 23:32:00 -97.411
2023 126 23:34:00 -97.535
2023 126 23:36:00 -97.623
2023 126 23:38:00 -97.687
2023 126 23:40:00 -97.705
2023 126 23:42:00 -97.687
2023 126 23:44:00 -97.645
2023 126 23:46:00 -97.558
2023 126 23:48:00 -97.434
2023 126 23:50:00 -97.284
2023 126 23:52:00 -97.092
2023 126 23:54:00 -96.862
2023 126 23:56:00 -96.607
2023 126 23:58:00 -96.309
2023 127 00:00:00 -95.976
